Layers: 
layer 0: 
0 
layer 1: 
1 
layer 2: 
2 
layer 3: 
3 
layer 4: 
4 
layer 5: 
5 
layer 6: 
6 
layer 7: 
7 
layer 8: 
8 

Launch: 
0: 60
1: 147
2: 235
3: 312
4: 400
5: 488
6: 565
7: 653
8: 740

Apeture window: 
Node: 0
1 204 224
3 359 399
4 474 514

Node: 1
0 116 136
2 291 311
3 387 427
4 447 487
5 562 602

Node: 2
1 204 224
4 474 514
5 534 574

Node: 3
0 106 146
1 221 261
4 457 477
6 612 652
7 727 767

Node: 4
0 134 174
1 194 234
2 309 349
3 369 389
5 544 564
6 639 679
7 699 739
8 815 855

Node: 5
1 221 261
2 281 321
4 457 477
7 727 767
8 787 827

Node: 6
3 359 399
4 474 514
7 709 729

Node: 7
3 387 427
4 447 487
5 562 602
6 622 642
8 797 817

Node: 8
4 474 514
5 534 574
7 709 729

