Launch: 
0: 60
1: 105.333
2: 150.667
3: 213.333
4: 258.667
5: 300.405
6: 60
7: 155.863
8: 301.299
10: 60
12: 190.633
14: 60
16: 190.633
18: 60
20: 190.633
22: 60
24: 195.655
25: 60
26: 609.265
27: 705.128
28: 407.966
30: 350.263
32: 481.452
34: 350.819
36: 481.452
38: 350.819
40: 486.474
42: 355.84
44: 503.847
45: 368.192
46: 863.071
47: 958.934
48: 1104.37
50: 641.082
52: 772.27
54: 641.637
56: 777.292
58: 646.659
60: 794.665
62: 664.032
64: 812.038
65: 676.383
66: 1333.25
67: 1429.11
68: 1574.55
70: 931.9
72: 1068.11
74: 937.477
76: 1085.48
78: 954.85
80: 1102.86
82: 972.224
84: 1120.23
85: 984.575
86: 1803.42
87: 1899.28
88: 2044.72
90: 1227.74
92: 1376.3
94: 1245.67
96: 1393.68
98: 1263.04
100: 1411.05
102: 1280.42
104: 1428.42
105: 1292.77
106: 2273.6
107: 2369.46
108: 2514.89
110: 1535.93
112: 1684.49
114: 1553.86
116: 1701.87
118: 1571.23
120: 1719.24
122: 1588.61
124: 1736.61
125: 1600.96
126: 2743.77
127: 2839.63
128: 2985.07
130: 190.078
132: 60
134: 190.633
136: 60
138: 190.633
140: 60
142: 220.185
144: 1843.28
145: 1978.94
146: 3213.94
147: 3309.81
148: 3455.24
150: 480.897
152: 350.819
154: 481.452
156: 350.819
158: 511.004
160: 380.37
162: 528.377
164: 60
165: 195.655
166: 718.593
167: 814.456
168: 3561.91
170: 771.715
172: 641.637
174: 801.822
176: 671.189
178: 819.195
180: 688.562
182: 836.568
184: 368.192
185: 503.847
186: 933.728
187: 1029.59
188: 1175.03
190: 1092.09
192: 962.007
194: 1110.01
196: 979.38
198: 1127.39
200: 996.753
202: 1144.76
204: 676.383
205: 812.038
206: 1403.9
207: 1499.77
208: 60
210: 1400.28
212: 1270.2
214: 1418.21
216: 1287.57
218: 1435.58
220: 1304.94
222: 1396.75
224: 984.575
225: 1120.23
226: 246.333
227: 342.196
228: 487.633
230: 1694.1
232: 1564.02
234: 1712.03
236: 1581.4
238: 1673.2
240: 1542.57
242: 1628.61
244: 1236.56
245: 1372.22

Apeture window: 
Node: 0
1 100.667 120.667
2 151.333 171.333
3 236.667 256.667
4 287.333 307.333
5 334.405 354.405
86 2040.08 2060.08
106 2497.87 2517.87

Node: 1
0 55.3333 75.3333
2 146 166
3 231.333 251.333
4 282 302
5 329.071 349.071
86 2041.82 2061.82
106 2498.19 2518.19

Node: 2
0 60.6667 80.6667
1 100.667 120.667
3 226 246
4 276.667 296.667
5 323.738 343.738
86 2043.66 2063.66
106 2498.63 2518.63

Node: 3
0 83.3333 103.333
1 123.333 143.333
2 163.333 183.333
4 254 274
5 301.071 321.071
86 2052.56 2072.56
106 2501.82 2521.82

Node: 4
0 88.6667 108.667
1 128.667 148.667
2 168.667 188.667
3 208.667 228.667
5 295.738 315.738
86 2054.89 2074.89
106 2502.88 2522.88

Node: 5
0 94 114
1 134 154
2 174 194
3 214 234
4 254 274
86 2057.31 2077.31
106 2504.05 2524.05

Node: 6
7 210.196 220.196
8 514.299 524.299
26 665.932 685.932
27 784.374 804.374
28 625.932 645.932

Node: 7
6 114.333 124.333
8 454.966 464.966
26 688.511 708.511
28 570.069 590.069
46 999.011 1019.01
48 1301.62 1321.62

Node: 8
6 273 283
7 309.529 319.529
26 827.231 847.231
27 867.231 887.231
28 464.633 484.633
46 1108.61 1128.61

Node: 9
10 254.333 264.333
30 550.449 570.449
50 870.897 890.897

Node: 10
30 406.93 426.93
50 764.415 784.415
70 1121.9 1141.9

Node: 11
10 155.667 165.667
30 461.004 481.004
32 682.27 702.27
50 798.149 818.149
52 1002.64 1022.64
70 1145.81 1165.81

Node: 12
32 538.119 558.119
52 895.604 915.604
72 1258.11 1278.11

Node: 13
14 255 265
32 591.637 611.637
34 551.637 571.637
52 928.937 948.937
54 872.007 892.007
72 1281.72 1301.72

Node: 14
34 407.485 427.485
54 764.97 784.97
74 1127.48 1147.48

Node: 15
16 385.633 395.633
34 461.004 481.004
36 682.27 702.27
54 798.304 818.304
56 1007.66 1027.66
74 1151.08 1171.08

Node: 16
36 538.119 558.119
56 900.626 920.626
76 1275.48 1295.48

Node: 17
18 255 265
36 591.637 611.637
38 551.637 571.637
56 933.959 953.959
58 877.029 897.029
76 1299.09 1319.09

Node: 18
38 407.485 427.485
58 769.992 789.992
78 1144.85 1164.85

Node: 19
20 385.633 395.633
38 461.004 481.004
40 687.292 707.292
58 803.326 823.326
60 1025.04 1045.04
78 1168.46 1188.46

Node: 20
40 543.141 563.141
60 917.999 937.999
80 1292.86 1312.86

Node: 21
22 255 265
40 596.659 616.659
42 556.659 576.659
60 951.332 971.332
62 894.402 914.402
80 1316.46 1336.46

Node: 22
42 412.507 432.507
62 787.365 807.365
82 1162.22 1182.22

Node: 23
22 155 165
42 466.025 486.025
44 704.665 724.665
62 820.699 840.699
64 1042.41 1062.41
82 1185.83 1205.83

Node: 24
25 203 213
44 560.514 580.514
45 520.514 540.514
65 865.586 885.586
85 1223.38 1243.38

Node: 25
24 338.655 348.655
44 656.169 676.169
45 424.858 444.858
64 1001.24 1021.24
84 1359.04 1379.04

Node: 26
6 116.667 136.667
7 235.109 255.109
8 519.265 539.265
47 1038.18 1058.18
48 1322.34 1342.34
67 1565.05 1585.05

Node: 27
6 139.246 159.246
8 463.403 483.403
46 942.318 962.318
48 1266.47 1286.47
66 1469.19 1489.19
68 1771.8 1791.8

Node: 28
6 277.966 297.966
7 317.966 337.966
8 357.966 377.966
46 1081.04 1101.04
47 1121.04 1141.04
66 1578.79 1598.79

Node: 29
10 260.186 280.186
30 544.597 554.597
50 841.268 861.268
70 1161.72 1181.72

Node: 30
10 116.667 136.667
50 697.748 717.748
70 1055.23 1075.23
90 1417.74 1437.74

Node: 31
10 170.74 190.74
12 391.452 411.452
50 751.822 771.822
52 973.089 993.089
70 1088.97 1108.97
72 1298.48 1318.48

Node: 32
12 247.3 267.3
52 828.937 848.937
72 1191.44 1211.44
92 1566.3 1586.3

Node: 33
12 300.819 320.819
14 260.819 280.819
52 882.456 902.456
54 842.456 862.456
72 1224.78 1244.78
74 1167.85 1187.85

Node: 34
14 116.667 136.667
54 698.304 718.304
74 1060.81 1080.81
94 1435.67 1455.67

Node: 35
14 170.185 190.185
16 391.452 411.452
54 751.822 771.822
56 978.111 998.111
74 1094.14 1114.14
76 1315.85 1335.85

Node: 36
16 247.3 267.3
56 833.959 853.959
76 1208.82 1228.82
96 1583.68 1603.68

Node: 37
16 300.819 320.819
18 260.819 280.819
56 887.477 907.477
58 847.477 867.477
76 1242.15 1262.15
78 1185.22 1205.22

Node: 38
18 116.667 136.667
58 703.326 723.326
78 1078.18 1098.18
98 1453.04 1473.04

Node: 39
18 170.185 190.185
20 391.452 411.452
58 756.844 776.844
60 995.484 1015.48
78 1111.52 1131.52
80 1333.23 1353.23

Node: 40
20 247.3 267.3
60 851.332 871.332
80 1226.19 1246.19
100 1601.05 1621.05

Node: 41
20 300.819 320.819
22 260.819 280.819
60 904.85 924.85
62 864.85 884.85
80 1259.52 1279.52
82 1202.59 1222.59

Node: 42
22 116.667 136.667
62 720.699 740.699
82 1095.56 1115.56
102 1470.42 1490.42

Node: 43
22 170.185 190.185
24 396.474 416.474
62 774.217 794.217
64 1012.86 1032.86
82 1128.89 1148.89
84 1350.6 1370.6

Node: 44
24 252.322 272.322
25 212.322 232.322
64 868.705 888.705
65 828.705 848.705
85 1173.78 1193.78
105 1531.57 1551.57

Node: 45
24 347.977 367.977
25 116.667 136.667
64 964.361 984.361
65 733.05 753.05
84 1309.43 1329.43
104 1667.23 1687.23

Node: 46
7 291.802 311.802
8 546.841 566.841
27 784.374 804.374
28 625.932 645.932
67 1508.35 1528.35
68 1792.51 1812.51

Node: 47
26 688.511 708.511
28 570.069 590.069
66 1412.49 1432.49
68 1736.65 1756.65
86 1939.36 1959.36
88 2241.97 2261.97

Node: 48
7 353.113 373.113
26 827.231 847.231
27 867.231 887.231
66 1551.21 1571.21
67 1591.21 1611.21
87 2096.53 2116.53

Node: 49
10 289.816 309.816
30 550.449 570.449
50 835.415 845.415
70 1132.09 1152.09
90 1457.56 1477.56

Node: 50
10 183.333 203.333
30 406.93 426.93
70 988.567 1008.57
90 1351.07 1371.07
110 1725.93 1745.93

Node: 51
10 217.068 237.068
12 421.004 441.004
30 461.004 481.004
32 682.27 702.27
70 1042.64 1062.64
72 1268.93 1288.93

Node: 52
12 313.967 333.967
32 538.119 558.119
72 1124.78 1144.78
92 1499.64 1519.64
112 1874.49 1894.49

Node: 53
12 347.3 367.3
14 290.37 310.37
32 591.637 611.637
34 551.637 571.637
72 1178.3 1198.3
74 1138.3 1158.3

Node: 54
14 183.333 203.333
34 407.485 427.485
74 994.144 1014.14
94 1369 1389
114 1743.86 1763.86

Node: 55
14 216.667 236.667
16 421.004 441.004
34 461.004 481.004
36 682.27 702.27
74 1047.66 1067.66
76 1286.3 1306.3

Node: 56
16 313.967 333.967
36 538.119 558.119
76 1142.15 1162.15
96 1517.01 1537.01
116 1891.87 1911.87

Node: 57
16 347.3 367.3
18 290.37 310.37
36 591.637 611.637
38 551.637 571.637
76 1195.67 1215.67
78 1155.67 1175.67

Node: 58
18 183.333 203.333
38 407.485 427.485
78 1011.52 1031.52
98 1386.38 1406.38
118 1761.23 1781.23

Node: 59
18 216.667 236.667
20 421.004 441.004
38 461.004 481.004
40 687.292 707.292
78 1065.04 1085.04
80 1303.68 1323.68

Node: 60
20 313.967 333.967
40 543.141 563.141
80 1159.52 1179.52
100 1534.38 1554.38
120 1909.24 1929.24

Node: 61
20 347.3 367.3
22 290.37 310.37
40 596.659 616.659
42 556.659 576.659
80 1213.04 1233.04
82 1173.04 1193.04

Node: 62
22 183.333 203.333
42 412.507 432.507
82 1028.89 1048.89
102 1403.75 1423.75
122 1778.61 1798.61

Node: 63
22 216.667 236.667
24 426.025 446.025
42 466.025 486.025
44 704.665 724.665
82 1082.41 1102.41
84 1321.05 1341.05

Node: 64
25 249.203 269.203
44 560.514 580.514
45 520.514 540.514
85 1136.9 1156.9
105 1481.97 1501.97
125 1839.76 1859.76

Node: 65
24 384.858 404.858
44 656.169 676.169
45 424.858 444.858
84 1272.55 1292.55
104 1617.62 1637.62
124 1975.42 1995.42

Node: 66
27 841.067 861.067
28 653.508 673.508
47 1038.18 1058.18
48 1322.34 1342.34
87 1978.53 1998.53
88 2262.69 2282.69

Node: 67
26 745.204 765.204
46 942.318 962.318
48 1266.47 1286.47
86 1882.67 1902.67
88 2206.82 2226.82
108 2712.15 2732.15

Node: 68
27 902.378 922.378
46 1081.04 1101.04
47 1121.04 1141.04
86 2021.39 2041.39
87 2061.39 2081.39
107 2566.71 2586.71

Node: 69
30 580.079 600.079
50 841.268 861.268
70 1126.23 1136.23
90 1427.93 1447.93
110 1765.75 1785.75

Node: 70
10 250 270
30 473.597 493.597
50 697.748 717.748
90 1284.41 1304.41
110 1659.27 1679.27
130 380.078 400.078

Node: 71
30 507.331 527.331
32 711.822 731.822
50 751.822 771.822
52 973.089 993.089
90 1338.48 1358.48
92 1577.12 1597.12

Node: 72
12 380.633 400.633
32 604.785 624.785
52 828.937 848.937
92 1432.97 1452.97
112 1807.83 1827.83
132 250 270

Node: 73
32 638.119 658.119
34 581.189 601.189
52 882.456 902.456
54 842.456 862.456
92 1486.49 1506.49
94 1446.49 1466.49

Node: 74
14 250 270
34 474.152 494.152
54 698.304 718.304
94 1302.34 1322.34
114 1677.19 1697.19
134 380.633 400.633

Node: 75
34 507.485 527.485
36 711.822 731.822
54 751.822 771.822
56 978.111 998.111
94 1355.85 1375.85
96 1594.49 1614.49

Node: 76
16 380.633 400.633
36 604.785 624.785
56 833.959 853.959
96 1450.34 1470.34
116 1825.2 1845.2
136 250 270

Node: 77
36 638.119 658.119
38 581.189 601.189
56 887.477 907.477
58 847.477 867.477
96 1503.86 1523.86
98 1463.86 1483.86

Node: 78
18 250 270
38 474.152 494.152
58 703.326 723.326
98 1319.71 1339.71
118 1694.57 1714.57
138 380.633 400.633

Node: 79
38 507.485 527.485
40 716.844 736.844
58 756.844 776.844
60 995.484 1015.48
98 1373.23 1393.23
100 1611.87 1631.87

Node: 80
20 380.633 400.633
40 609.807 629.807
60 851.332 871.332
100 1467.72 1487.72
120 1842.57 1862.57
140 250 270

Node: 81
40 643.141 663.141
42 586.211 606.211
60 904.85 924.85
62 864.85 884.85
100 1521.23 1541.23
102 1481.23 1501.23

Node: 82
22 250 270
42 479.174 499.174
62 720.699 740.699
102 1337.08 1357.08
122 1711.94 1731.94
142 410.185 430.185

Node: 83
42 512.507 532.507
62 774.217 794.217
64 1012.86 1032.86
102 1390.6 1410.6
104 1629.24 1649.24
124 1966.98 1986.98

Node: 84
25 298.805 318.805
45 557.394 577.394
65 828.705 848.705
105 1445.09 1465.09
125 1790.16 1810.16
145 2217.74 2237.74

Node: 85
24 434.461 454.461
44 693.05 713.05
64 964.361 984.361
104 1580.74 1600.74
124 1925.82 1945.82
144 2082.08 2102.08

Node: 86
0 296.658 316.658
1 343.729 363.729
2 390.902 410.902
3 462.469 482.469
4 510.138 530.138
5 554.299 574.299
47 1094.87 1114.87
67 1508.35 1528.35
68 1792.51 1812.51
106 2330.26 2350.26
107 2448.7 2468.7
108 2732.86 2752.86
128 3230.61 3250.61

Node: 87
48 1301.62 1321.62
66 1412.49 1432.49
68 1736.65 1756.65
106 2352.84 2372.84
108 2677 2697
126 2879.71 2899.71

Node: 88
47 1156.18 1176.18
66 1551.21 1571.21
67 1591.21 1611.21
106 2491.56 2511.56
107 2531.56 2551.56
127 3036.88 3056.88

Node: 89
50 870.897 890.897
70 1132.09 1152.09
90 1422.07 1432.07
110 1736.12 1756.12
130 419.894 439.894

Node: 90
30 540.263 560.263
50 764.415 784.415
70 988.567 1008.57
110 1592.6 1612.6
130 313.412 333.412
150 670.897 690.897

Node: 91
50 798.149 818.149
52 1002.64 1022.64
70 1042.64 1062.64
72 1268.93 1288.93
110 1646.67 1666.67
112 1885.31 1905.31

Node: 92
32 671.452 691.452
52 895.604 915.604
72 1124.78 1144.78
112 1741.16 1761.16
132 183.333 203.333
152 540.819 560.819

Node: 93
52 928.937 948.937
54 872.007 892.007
72 1178.3 1198.3
74 1138.3 1158.3
112 1794.68 1814.68
114 1754.68 1774.68

Node: 94
34 540.819 560.819
54 764.97 784.97
74 994.144 1014.14
114 1610.53 1630.53
134 313.967 333.967
154 671.452 691.452

Node: 95
54 798.304 818.304
56 1007.66 1027.66
74 1047.66 1067.66
76 1286.3 1306.3
114 1664.05 1684.05
116 1902.69 1922.69

Node: 96
36 671.452 691.452
56 900.626 920.626
76 1142.15 1162.15
116 1758.53 1778.53
136 183.333 203.333
156 540.819 560.819

Node: 97
56 933.959 953.959
58 877.029 897.029
76 1195.67 1215.67
78 1155.67 1175.67
116 1812.05 1832.05
118 1772.05 1792.05

Node: 98
38 540.819 560.819
58 769.992 789.992
78 1011.52 1031.52
118 1627.9 1647.9
138 313.967 333.967
158 701.004 721.004

Node: 99
58 803.326 823.326
60 1025.04 1045.04
78 1065.04 1085.04
80 1303.68 1323.68
118 1681.42 1701.42
120 1920.06 1940.06

Node: 100
40 676.474 696.474
60 917.999 937.999
80 1159.52 1179.52
120 1775.91 1795.91
140 183.333 203.333
160 570.37 590.37

Node: 101
60 951.332 971.332
62 894.402 914.402
80 1213.04 1233.04
82 1173.04 1193.04
120 1829.43 1849.43
122 1789.43 1809.43

Node: 102
42 545.84 565.84
62 787.365 807.365
82 1028.89 1048.89
122 1645.27 1665.27
142 343.518 363.518
162 718.377 738.377

Node: 103
62 820.699 840.699
82 1082.41 1102.41
84 1321.05 1341.05
122 1698.79 1718.79
124 1937.43 1957.43
144 2073.65 2093.65

Node: 104
45 606.997 626.997
65 865.586 885.586
85 1136.9 1156.9
125 1753.28 1773.28
145 2168.14 2188.14
165 434.461 454.461

Node: 105
44 742.652 762.652
64 1001.24 1021.24
84 1272.55 1292.55
124 1888.94 1908.94
144 2032.48 2052.48
164 298.805 318.805

Node: 106
0 284.274 304.274
1 329.926 349.926
2 375.699 395.699
3 441.558 461.558
4 487.949 507.949
5 530.858 550.858
86 1860.09 1880.09
87 1978.53 1998.53
88 2262.69 2282.69
127 2918.88 2938.88
128 3203.04 3223.04
147 3445.75 3465.75
148 3700.79 3720.79

Node: 107
68 1771.8 1791.8
86 1882.67 1902.67
88 2206.82 2226.82
126 2823.02 2843.02
128 3147.17 3167.17
146 3349.88 3369.88

Node: 108
67 1626.36 1646.36
86 2021.39 2041.39
87 2061.39 2081.39
126 2961.74 2981.74
127 3001.74 3021.74
147 3507.06 3527.06

Node: 109
70 1161.72 1181.72
90 1427.93 1447.93
110 1730.27 1740.27
130 390.264 410.264
150 710.712 730.712

Node: 110
50 831.082 851.082
70 1055.23 1075.23
90 1284.41 1304.41
130 246.745 266.745
150 604.23 624.23
170 961.715 981.715

Node: 111
72 1298.48 1318.48
90 1338.48 1358.48
92 1577.12 1597.12
130 300.819 320.819
132 260.819 280.819
152 581.189 601.189

Node: 112
52 962.27 982.27
72 1191.44 1211.44
92 1432.97 1452.97
132 116.667 136.667
152 474.152 494.152
172 831.637 851.637

Node: 113
74 1167.85 1187.85
92 1486.49 1506.49
94 1446.49 1466.49
132 170.185 190.185
134 391.452 411.452
154 711.822 731.822

Node: 114
54 831.637 851.637
74 1060.81 1080.81
94 1302.34 1322.34
134 247.3 267.3
154 604.785 624.785
174 991.822 1011.82

Node: 115
76 1315.85 1335.85
94 1355.85 1375.85
96 1594.49 1614.49
134 300.819 320.819
136 260.819 280.819
156 581.189 601.189

Node: 116
56 967.292 987.292
76 1208.82 1228.82
96 1450.34 1470.34
136 116.667 136.667
156 474.152 494.152
176 861.189 881.189

Node: 117
78 1185.22 1205.22
96 1503.86 1523.86
98 1463.86 1483.86
136 170.185 190.185
138 391.452 411.452
158 741.374 761.374

Node: 118
58 836.659 856.659
78 1078.18 1098.18
98 1319.71 1339.71
138 247.3 267.3
158 634.337 654.337
178 1009.2 1029.2

Node: 119
80 1333.23 1353.23
98 1373.23 1393.23
100 1611.87 1631.87
138 300.819 320.819
140 260.819 280.819
160 610.74 630.74

Node: 120
60 984.665 1004.67
80 1226.19 1246.19
100 1467.72 1487.72
140 116.667 136.667
160 503.703 523.703
180 878.562 898.562

Node: 121
80 1259.52 1279.52
82 1202.59 1222.59
100 1521.23 1541.23
102 1481.23 1501.23
140 170.185 190.185
142 421.004 441.004

Node: 122
62 854.032 874.032
82 1095.56 1115.56
102 1337.08 1357.08
142 276.852 296.852
162 651.71 671.71
182 1026.57 1046.57

Node: 123
84 1350.6 1370.6
102 1390.6 1410.6
104 1629.24 1649.24
142 330.37 350.37
144 2044.1 2064.1
164 290.37 310.37

Node: 124
65 915.188 935.188
85 1173.78 1193.78
105 1445.09 1465.09
145 2131.26 2151.26
165 384.858 404.858
185 742.652 762.652

Node: 125
64 1050.84 1070.84
84 1309.43 1329.43
104 1580.74 1600.74
144 1995.6 2015.6
164 249.203 269.203
184 606.997 626.997

Node: 126
87 2035.22 2055.22
107 2448.7 2468.7
108 2732.86 2752.86
147 3389.05 3409.05
148 3673.21 3693.21
167 950.395 970.395

Node: 127
88 2241.97 2261.97
106 2352.84 2372.84
108 2677 2697
146 3293.19 3313.19
148 3617.35 3637.35
168 3759.16 3779.16

Node: 128
86 2048.96 2068.96
106 2491.56 2511.56
107 2531.56 2551.56
146 3431.91 3451.91
147 3471.91 3491.91
148 3511.91 3531.91
166 964.136 984.136
188 1365.03 1385.03

Node: 129
90 1457.56 1477.56
110 1736.12 1756.12
130 384.412 394.412
150 681.083 701.083
170 1001.53 1021.53

Node: 130
70 1121.9 1141.9
90 1351.07 1371.07
110 1592.6 1612.6
150 537.563 557.563
170 895.049 915.049
190 1282.09 1302.09

Node: 131
92 1606.67 1626.67
110 1646.67 1666.67
112 1885.31 1905.31
150 591.637 611.637
152 551.637 571.637
170 928.783 948.783

Node: 132
72 1258.11 1278.11
92 1499.64 1519.64
112 1741.16 1761.16
152 407.485 427.485
172 764.97 784.97
192 1152.01 1172.01

Node: 133
94 1476.04 1496.04
112 1794.68 1814.68
114 1754.68 1774.68
152 461.004 481.004
154 682.27 702.27
174 1032.19 1052.19

Node: 134
74 1127.48 1147.48
94 1369 1389
114 1610.53 1630.53
154 538.119 558.119
174 925.155 945.155
194 1300.01 1320.01

Node: 135
96 1624.05 1644.05
114 1664.05 1684.05
116 1902.69 1922.69
154 591.637 611.637
156 551.637 571.637
176 901.559 921.559

Node: 136
76 1275.48 1295.48
96 1517.01 1537.01
116 1758.53 1778.53
156 407.485 427.485
176 794.522 814.522
196 1169.38 1189.38

Node: 137
98 1493.41 1513.41
116 1812.05 1832.05
118 1772.05 1792.05
156 461.004 481.004
158 711.822 731.822
178 1049.57 1069.57

Node: 138
78 1144.85 1164.85
98 1386.38 1406.38
118 1627.9 1647.9
158 567.67 587.67
178 942.528 962.528
198 1317.39 1337.39

Node: 139
100 1641.42 1661.42
118 1681.42 1701.42
120 1920.06 1940.06
158 621.189 641.189
160 581.189 601.189
180 918.932 938.932

Node: 140
80 1292.86 1312.86
100 1534.38 1554.38
120 1775.91 1795.91
160 437.037 457.037
180 811.895 831.895
200 1186.75 1206.75

Node: 141
102 1510.79 1530.79
120 1829.43 1849.43
122 1789.43 1809.43
160 490.555 510.555
162 729.195 749.195
182 1066.94 1086.94

Node: 142
82 1162.22 1182.22
102 1403.75 1423.75
122 1645.27 1665.27
162 585.043 605.043
182 959.901 979.901
202 1334.76 1354.76

Node: 143
104 1658.79 1678.79
122 1698.79 1718.79
124 1937.43 1957.43
162 638.562 658.562
164 260.819 280.819
184 598.562 618.562

Node: 144
85 1223.38 1243.38
105 1481.97 1501.97
125 1753.28 1773.28
165 347.977 367.977
185 693.05 713.05
205 1050.84 1070.84

Node: 145
84 1359.04 1379.04
104 1617.62 1637.62
124 1888.94 1908.94
164 212.322 232.322
184 557.394 577.394
204 915.188 935.188

Node: 146
107 2505.4 2525.4
127 2918.88 2938.88
128 3203.04 3223.04
167 893.702 913.702
168 3779.88 3799.88
187 1165.53 1185.53

Node: 147
106 2409.53 2429.53
108 2712.15 2732.15
126 2823.02 2843.02
128 3147.17 3167.17
166 797.84 817.84
168 3724.01 3744.01

Node: 148
106 2519.14 2539.14
126 2961.74 2981.74
127 3001.74 3021.74
128 3041.74 3061.74
166 936.559 956.559
167 976.559 996.559
187 1226.84 1246.84
188 1298.36 1318.36
208 250 270

Node: 149
110 1765.75 1785.75
130 390.264 410.264
150 675.23 685.23
170 971.901 991.901
190 1321.9 1341.9

Node: 150
90 1417.74 1437.74
110 1659.27 1679.27
130 246.745 266.745
170 828.382 848.382
190 1215.42 1235.42
210 1590.28 1610.28

Node: 151
130 300.819 320.819
132 260.819 280.819
170 882.456 902.456
172 842.456 862.456
190 1249.15 1269.15
192 1192.38 1212.38

Node: 152
92 1566.3 1586.3
112 1807.83 1827.83
132 116.667 136.667
172 698.304 718.304
192 1085.34 1105.34
212 1460.2 1480.2

Node: 153
132 170.185 190.185
134 391.452 411.452
172 751.822 771.822
174 1002.64 1022.64
192 1118.67 1138.67
194 1340.38 1360.38

Node: 154
94 1435.67 1455.67
114 1677.19 1697.19
134 247.3 267.3
174 858.489 878.489
194 1233.35 1253.35
214 1608.21 1628.21

Node: 155
134 300.819 320.819
136 260.819 280.819
174 912.007 932.007
176 872.007 892.007
194 1266.68 1286.68
196 1209.75 1229.75

Node: 156
96 1583.68 1603.68
116 1825.2 1845.2
136 116.667 136.667
176 727.855 747.855
196 1102.71 1122.71
216 1477.57 1497.57

Node: 157
136 170.185 190.185
138 391.452 411.452
176 781.374 801.374
178 1020.01 1040.01
196 1136.05 1156.05
198 1357.76 1377.76

Node: 158
98 1453.04 1473.04
118 1694.57 1714.57
138 247.3 267.3
178 875.862 895.862
198 1250.72 1270.72
218 1625.58 1645.58

Node: 159
138 300.819 320.819
140 260.819 280.819
178 929.38 949.38
180 889.38 909.38
198 1284.05 1304.05
200 1227.12 1247.12

Node: 160
100 1601.05 1621.05
120 1842.57 1862.57
140 116.667 136.667
180 745.228 765.228
200 1120.09 1140.09
220 1494.94 1514.94

Node: 161
140 170.185 190.185
142 421.004 441.004
180 798.747 818.747
182 1037.39 1057.39
200 1153.42 1173.42
202 1375.13 1395.13

Node: 162
102 1470.42 1490.42
122 1711.94 1731.94
142 276.852 296.852
182 893.235 913.235
202 1268.09 1288.09
222 1586.75 1606.75

Node: 163
124 1966.98 1986.98
142 330.37 350.37
144 2044.1 2064.1
182 946.753 966.753
184 569.01 589.01
202 1301.43 1321.43

Node: 164
105 1531.57 1551.57
125 1790.16 1810.16
145 2131.26 2151.26
185 656.169 676.169
205 1001.24 1021.24
225 1359.04 1379.04

Node: 165
104 1667.23 1687.23
124 1925.82 1945.82
144 1995.6 2015.6
184 520.514 540.514
204 865.586 885.586
224 1223.38 1243.38

Node: 166
128 3230.61 3250.61
147 3389.05 3409.05
148 3673.21 3693.21
187 1108.84 1128.84
188 1392.99 1412.99
207 1635.7 1655.7

Node: 167
126 2879.71 2899.71
146 3293.19 3313.19
148 3617.35 3637.35
186 1012.97 1032.97
188 1337.13 1357.13
208 257.251 277.251

Node: 168
127 3036.88 3056.88
146 3431.91 3451.91
147 3471.91 3491.91
186 1151.69 1171.69
187 1191.69 1211.69
207 1697.02 1717.02

Node: 169
130 419.894 439.894
150 681.083 701.083
170 966.049 976.049
190 1292.27 1312.27
210 1630.09 1650.09

Node: 170
110 1725.93 1745.93
130 313.412 333.412
150 537.563 557.563
190 1148.75 1168.75
210 1523.61 1543.61
230 1884.1 1904.1

Node: 171
150 591.637 611.637
152 551.637 571.637
190 1202.83 1222.83
192 1162.83 1182.83
210 1557.34 1577.34
212 1500.57 1520.57

Node: 172
112 1874.49 1894.49
132 183.333 203.333
152 407.485 427.485
192 1018.67 1038.67
212 1393.53 1413.53
232 1754.02 1774.02

Node: 173
152 461.004 481.004
154 682.27 702.27
192 1072.19 1092.19
194 1310.83 1330.83
212 1426.87 1446.87
214 1648.58 1668.58

Node: 174
114 1743.86 1763.86
134 313.967 333.967
154 538.119 558.119
194 1166.68 1186.68
214 1541.54 1561.54
234 1902.03 1922.03

Node: 175
154 591.637 611.637
156 551.637 571.637
194 1220.2 1240.2
196 1180.2 1200.2
214 1574.87 1594.87
216 1517.94 1537.94

Node: 176
116 1891.87 1911.87
136 183.333 203.333
156 407.485 427.485
196 1036.05 1056.05
216 1410.91 1430.91
236 1771.4 1791.4

Node: 177
156 461.004 481.004
158 711.822 731.822
196 1089.57 1109.57
198 1328.21 1348.21
216 1444.24 1464.24
218 1665.95 1685.95

Node: 178
118 1761.23 1781.23
138 313.967 333.967
158 567.67 587.67
198 1184.05 1204.05
218 1558.91 1578.91
238 1863.2 1883.2

Node: 179
158 621.189 641.189
160 581.189 601.189
198 1237.57 1257.57
200 1197.57 1217.57
218 1592.24 1612.24
220 1535.31 1555.31

Node: 180
120 1909.24 1929.24
140 183.333 203.333
160 437.037 457.037
200 1053.42 1073.42
220 1428.28 1448.28
240 1732.57 1752.57

Node: 181
160 490.555 510.555
162 729.195 749.195
200 1106.94 1126.94
202 1345.58 1365.58
220 1461.61 1481.61
222 1627.12 1647.12

Node: 182
122 1778.61 1798.61
142 343.518 363.518
162 585.043 605.043
202 1201.43 1221.43
222 1520.08 1540.08
242 1818.61 1838.61

Node: 183
144 2073.65 2093.65
162 638.562 658.562
164 260.819 280.819
202 1254.94 1274.94
204 877.202 897.202
222 1553.42 1573.42

Node: 184
125 1839.76 1859.76
145 2168.14 2188.14
165 347.977 367.977
205 964.361 984.361
225 1309.43 1329.43
245 1611.02 1631.02

Node: 185
124 1975.42 1995.42
144 2032.48 2052.48
164 212.322 232.322
204 828.705 848.705
224 1173.78 1193.78
244 1475.37 1495.37

Node: 186
167 893.702 913.702
168 3779.88 3799.88
207 1579.01 1599.01
208 277.966 297.966
227 478.135 498.135
228 733.175 753.175

Node: 187
146 3349.88 3369.88
148 3652.49 3672.49
166 797.84 817.84
168 3724.01 3744.01
206 1483.15 1503.15
208 222.103 242.103

Node: 188
128 3175.07 3195.07
148 3578.58 3598.58
166 936.559 956.559
167 976.559 996.559
206 1621.87 1641.87
207 1661.87 1681.87
208 116.667 136.667
226 491.875 511.875
227 539.447 559.447
228 610.966 630.966

Node: 189
150 710.712 730.712
170 971.901 991.901
190 1286.42 1296.42
210 1600.46 1620.46
230 1923.92 1943.92

Node: 190
130 380.078 400.078
150 604.23 624.23
170 828.382 848.382
210 1456.94 1476.94
230 1817.44 1837.44

Node: 191
170 882.456 902.456
172 842.456 862.456
210 1511.02 1531.02
212 1471.02 1491.02
230 1851.17 1871.17
232 1794.39 1814.39

Node: 192
132 250 270
152 474.152 494.152
172 698.304 718.304
212 1326.87 1346.87
232 1687.36 1707.36

Node: 193
172 751.822 771.822
174 1002.64 1022.64
212 1380.38 1400.38
214 1619.02 1639.02
232 1720.69 1740.69
234 1942.4 1962.4

Node: 194
134 380.633 400.633
154 604.785 624.785
174 858.489 878.489
214 1474.87 1494.87
234 1835.36 1855.36

Node: 195
174 912.007 932.007
176 872.007 892.007
214 1528.39 1548.39
216 1488.39 1508.39
234 1868.7 1888.7
236 1811.77 1831.77

Node: 196
136 250 270
156 474.152 494.152
176 727.855 747.855
216 1344.24 1364.24
236 1704.73 1724.73

Node: 197
176 781.374 801.374
178 1020.01 1040.01
216 1397.76 1417.76
218 1636.4 1656.4
236 1738.06 1758.06
238 1903.57 1923.57

Node: 198
138 380.633 400.633
158 634.337 654.337
178 875.862 895.862
218 1492.24 1512.24
238 1796.53 1816.53

Node: 199
178 929.38 949.38
180 889.38 909.38
218 1545.76 1565.76
220 1505.76 1525.76
238 1829.87 1849.87
240 1772.94 1792.94

Node: 200
140 250 270
160 503.703 523.703
180 745.228 765.228
220 1361.61 1381.61
240 1665.9 1685.9

Node: 201
180 798.747 818.747
182 1037.39 1057.39
220 1415.13 1435.13
222 1597.57 1617.57
240 1699.23 1719.23
242 1858.98 1878.98

Node: 202
142 410.185 430.185
162 651.71 671.71
182 893.235 913.235
222 1453.42 1473.42
242 1751.94 1771.94

Node: 203
182 946.753 966.753
184 569.01 589.01
222 1506.93 1526.93
224 1185.39 1205.39
242 1785.27 1805.27
244 1466.93 1486.93

Node: 204
145 2217.74 2237.74
165 384.858 404.858
185 656.169 676.169
224 1041.24 1061.24
225 1272.55 1292.55
245 1561.42 1581.42

Node: 205
144 2082.08 2102.08
164 249.203 269.203
184 520.514 540.514
224 1136.9 1156.9
225 1176.9 1196.9
244 1425.77 1445.77

Node: 206
187 1108.84 1128.84
188 1392.99 1412.99
208 273 283
226 303 323
227 421.442 441.442
228 705.598 725.598

Node: 207
166 854.532 874.532
168 3759.16 3779.16
186 1012.97 1032.97
188 1337.13 1357.13
226 325.58 345.58
228 649.736 669.736

Node: 208
148 3645.24 3665.24
167 1011.71 1031.71
186 1151.69 1171.69
187 1191.69 1211.69
188 1231.69 1251.69
206 1616.9 1626.9
226 464.299 484.299
227 504.299 524.299
228 544.299 564.299

Node: 209
170 1001.53 1021.53
190 1292.27 1312.27
210 1594.61 1604.61
230 1894.29 1914.29

Node: 210
150 670.897 690.897
170 895.049 915.049
190 1148.75 1168.75
230 1750.77 1770.77

Node: 211
170 928.783 948.783
172 872.007 892.007
190 1202.83 1222.83
192 1162.83 1182.83
230 1804.84 1824.84
232 1764.84 1784.84

Node: 212
152 540.819 560.819
172 764.97 784.97
192 1018.67 1038.67
232 1620.69 1640.69

Node: 213
172 798.304 818.304
174 1032.19 1052.19
192 1072.19 1092.19
194 1310.83 1330.83
232 1674.21 1694.21
234 1912.85 1932.85

Node: 214
154 671.452 691.452
174 925.155 945.155
194 1166.68 1186.68
234 1768.7 1788.7

Node: 215
174 958.489 978.489
176 901.559 921.559
194 1220.2 1240.2
196 1180.2 1200.2
234 1822.22 1842.22
236 1782.22 1802.22

Node: 216
156 540.819 560.819
176 794.522 814.522
196 1036.05 1056.05
236 1638.06 1658.06

Node: 217
176 827.855 847.855
178 1049.57 1069.57
196 1089.57 1109.57
198 1328.21 1348.21
236 1691.58 1711.58
238 1874.02 1894.02

Node: 218
158 701.004 721.004
178 942.528 962.528
198 1184.05 1204.05
238 1729.87 1749.87

Node: 219
178 975.862 995.862
180 918.932 938.932
198 1237.57 1257.57
200 1197.57 1217.57
238 1783.39 1803.39
240 1743.39 1763.39

Node: 220
160 570.37 590.37
180 811.895 831.895
200 1053.42 1073.42
240 1599.23 1619.23

Node: 221
180 845.228 865.228
182 1066.94 1086.94
200 1106.94 1126.94
202 1345.58 1365.58
240 1652.75 1672.75
242 1829.43 1849.43

Node: 222
162 718.377 738.377
182 959.901 979.901
202 1201.43 1221.43
242 1685.27 1705.27

Node: 223
182 993.235 1013.23
184 598.562 618.562
202 1254.94 1274.94
204 877.202 897.202
242 1738.79 1758.79
244 1437.38 1457.38

Node: 224
165 434.461 454.461
185 693.05 713.05
204 733.05 753.05
205 964.361 984.361
244 1293.23 1313.23
245 1524.54 1544.54

Node: 225
164 298.805 318.805
184 557.394 577.394
204 828.705 848.705
205 868.705 888.705
244 1388.89 1408.89
245 1428.89 1448.89

Node: 226
188 1420.57 1440.57
206 1460.57 1480.57
207 1579.01 1599.01
208 277.966 297.966
227 396.529 406.529
228 700.633 710.633

Node: 227
186 1069.67 1089.67
188 1372.28 1392.28
206 1483.15 1503.15
208 222.103 242.103
226 300.667 310.667
228 641.299 651.299

Node: 228
186 1179.27 1199.27
188 1298.36 1318.36
206 1621.87 1641.87
207 1661.87 1681.87
208 116.667 136.667
226 459.333 469.333
227 495.863 505.863

Node: 229
190 1321.9 1341.9
210 1600.46 1620.46
230 1888.44 1898.44

Node: 230
170 961.715 981.715
190 1215.42 1235.42
210 1456.94 1476.94

Node: 231
170 985.621 1005.62
190 1249.15 1269.15
192 1192.38 1212.38
210 1511.02 1531.02
212 1471.02 1491.02
232 1759.02 1769.02

Node: 232
172 831.637 851.637
192 1085.34 1105.34
212 1326.87 1346.87

Node: 233
172 855.244 875.244
192 1118.67 1138.67
194 1340.38 1360.38
212 1380.38 1400.38
214 1619.02 1639.02
232 1659.02 1669.02

Node: 234
174 991.822 1011.82
194 1233.35 1253.35
214 1474.87 1494.87

Node: 235
174 1015.43 1035.43
194 1266.68 1286.68
196 1209.75 1229.75
214 1528.39 1548.39
216 1488.39 1508.39
236 1776.4 1786.4

Node: 236
176 861.189 881.189
196 1102.71 1122.71
216 1344.24 1364.24

Node: 237
176 884.795 904.795
196 1136.05 1156.05
198 1357.76 1377.76
216 1397.76 1417.76
218 1636.4 1656.4
236 1676.4 1686.4

Node: 238
178 1009.2 1029.2
198 1250.72 1270.72
218 1492.24 1512.24

Node: 239
178 1032.8 1052.8
198 1284.05 1304.05
200 1227.12 1247.12
218 1545.76 1565.76
220 1505.76 1525.76
240 1737.57 1747.57

Node: 240
180 878.562 898.562
200 1120.09 1140.09
220 1361.61 1381.61

Node: 241
180 902.168 922.168
200 1153.42 1173.42
202 1375.13 1395.13
220 1415.13 1435.13
222 1597.57 1617.57
242 1823.61 1833.61

Node: 242
182 1026.57 1046.57
202 1268.09 1288.09
222 1453.42 1473.42

Node: 243
182 1050.17 1070.17
202 1301.43 1321.43
204 906.753 926.753
222 1506.93 1526.93
224 1185.39 1205.39
242 1723.61 1733.61

Node: 244
185 742.652 762.652
205 1001.24 1021.24
224 1041.24 1061.24
225 1272.55 1292.55
245 1515.22 1525.22

Node: 245
184 606.997 626.997
204 865.586 885.586
224 1136.9 1156.9
225 1176.9 1196.9
244 1379.56 1389.56

