16
0 1 0 0 1 1 0 0 0 0 0 0 0 0 0 0 
1 0 1 0 1 1 1 0 0 0 0 0 0 0 0 0 
0 1 0 1 0 1 1 1 0 0 0 0 0 0 0 0 
0 0 1 0 0 0 1 1 0 0 0 0 0 0 0 0 
1 1 0 0 0 0 0 0 1 1 0 0 0 0 0 0 
1 1 1 0 0 0 0 0 1 1 1 0 0 0 0 0 
0 1 1 1 0 0 0 0 0 1 1 1 0 0 0 0 
0 0 1 1 0 0 0 0 0 0 1 1 0 0 0 0 
0 0 0 0 1 1 0 0 0 0 0 0 1 1 0 0 
0 0 0 0 1 1 1 0 0 0 0 0 1 1 1 0 
0 0 0 0 0 1 1 1 0 0 0 0 0 1 1 1 
0 0 0 0 0 0 1 1 0 0 0 0 0 0 1 1 
0 0 0 0 0 0 0 0 1 1 0 0 0 1 0 0 
0 0 0 0 0 0 0 0 1 1 1 0 1 0 1 0 
0 0 0 0 0 0 0 0 0 1 1 1 0 1 0 1 
0 0 0 0 0 0 0 0 0 0 1 1 0 0 1 0 
100 100
200 100
300 100
400 100
100 200
200 200
300 200
400 200
100 300
200 300
300 300
400 300
100 400
200 400
300 400
400 400
0
0
0
0
0
0
0
0
0
0
0
0
0
0
0
0
6
110
110
165
